0 -13.020029411831821 30.600612004509003 14.780234396702284
1 -36.56227856847287 -31.325039049104035 -22.171676481104072
2 35.92998693763404 -33.46918683701765 23.735488055827084
3 -4.421161676653725 36.853390287550496 -0.4113902233661264
4 -37.05962395868858 -5.87492690914776 -3.3820427816397256
5 37.23896484201295 -12.093241444163809 -26.303378940565494
6 -38.12699586783009 -1.977438535194608 -28.209288804066873
7 -11.885969131670002 -21.361015270611006 -34.09725162274458
8 -18.74579805722231 -26.412431337433375 -21.634507290658902
9 -34.08002736679185 -37.336681371697615 39.693377331184706
10 -20.469322924734552 37.12862529029198 -38.466168876035525
11 -1.7801996042088035 -33.373852660228344 1.9154374247076689
12 -16.148784825367972 11.73291627197662 -12.464131725299772
13 -28.648719261931987 24.14203994533183 1.3243901123565038
14 -5.672795919085978 35.596719685687546 26.10215959664957
15 -5.023041128552919 -34.87579907927618 0.8340637459785967
16 -20.617520621311485 -2.438984281757463 14.766437408159454
17 -24.73385417963801 27.56925875199147 -10.525719137446945
18 35.28880791433258 30.731612854006855 9.554427032931827
19 -23.741010234528986 -23.39114995503686 -37.230109814648685
20 4.448499811532059 36.697778178768985 6.052935805121621
21 5.5042841550267525 31.32812614088337 25.51533193647205
22 7.458646336443707 12.593774901282131 -5.523858342564772
23 16.98990605307958 33.270994406833125 -7.63242974940659
24 15.833448473249625 36.66442271529223 20.152984687705164
25 6.764965038207549 13.975274083840922 -30.488366426550407
26 0.8295207777576934 27.630577375805515 -18.75128476154891
27 -32.01022907910649 23.646590950560345 -12.941723723549813
28 33.05642716577023 -26.097018051958194 15.22663320625977
29 12.09931441395986 -15.861284520056333 23.409918946930432
30 35.128651253129874 -30.36962566215592 -36.64100541003906
31 -39.89903437046881 24.592462223922325 -30.418240827866583
32 -11.698252430050175 10.107351514538124 15.873798537421003
33 -37.82226288394497 26.313432968042605 16.449645124363684
34 -36.559481760017704 -24.942269100668597 15.71202183840687
35 31.757894286796272 29.099412484048756 -21.288226257733037
36 33.05826052612355 25.606751218059998 15.181161187603358
37 35.536609251268374 38.901909688069026 -29.26194348338268
38 14.780683366982139 16.282958691945915 19.978901001897462
39 34.31023728151449 8.366636677281214 18.35281246530066
40 4.686144941076414 36.90042130562661 26.9288908015605
41 7.735512502689929 24.025763123956793 -37.17857456840082
42 39.71789844528159 -9.62528782588403 21.822741221685533
43 -17.17186259269318 4.344287771241476 21.926188055525124
44 19.543430635254765 -26.456397958908227 34.73558004574488
45 30.38062811270875 22.59652745784902 5.6144581191610925
46 -2.9784438899965977 -39.797523159760885 -24.178249120012953
47 30.81924339340773 -31.192655549263346 -13.768163668885435
48 23.140563118764383 -33.162297213914364 20.933290013490463
49 -25.546337845036618 -33.385795839293706 28.108625434157474
50 16.987253290988363 31.815349176212194 32.3870472988433
51 -27.979970683771587 25.21578768279541 37.43951786223279
52 -36.786775316982016 39.745311943559486 38.25236710628758
53 -20.104405433046438 24.184723028624134 -0.366594182147324
54 21.0831057773606 35.33479674359292 16.088458085283293
55 -39.97466481609579 -32.659078561696866 -36.409673814648194
56 -2.2526236474916885 16.080968939231468 -11.65965103491942
57 -27.243894001703815 8.086226355339988 -12.967660853635685
58 -9.301095174156309 -10.22687830746209 10.468696955486728
59 -9.481829632309093 -4.324684999625433 23.038571473620294
60 0.7506566264984258 28.728027866360506 -0.1918167651238818
61 20.63592492390407 19.457335153818804 10.35258460897996
62 -35.66982015677823 -38.59423747752648 -11.830885282516334
63 -10.030161889310165 -25.8567881175373 29.529366795769846
64 -18.268742101463317 -23.254819601112892 -9.12881296102924
65 26.815945105587502 -5.125226716188145 -14.972091496636637
66 17.02870838410179 15.181553585981113 20.559636328509242
67 2.316637835796911 35.81594618756931 8.556136155423602
68 6.622810362577766 -27.223811298961962 0.8239732938685833
69 -18.87819859704628 27.30955328543827 27.394665907457977
70 21.595628910219858 -6.8819219864519 37.660637529863465
71 -24.506807539612918 -29.00387773277158 -8.888114069057416
72 17.124772124190116 22.512765829521626 -4.756219307900594
73 13.814191421154248 -11.459239331208284 -24.646694473897472
74 -27.523211614269787 -24.86406872490381 1.1307829308140427
75 17.905781293889895 -9.133860501125824 -16.171872678026944
76 24.638654579124875 -2.6650290459405284 -7.439454747742872
77 23.987603083977866 0.9989840203590177 29.556905348549932
78 -13.407191591727042 33.489220266888765 12.860779781774838
79 29.901565201554973 -4.160418808202273 -25.61988635901777
80 -32.595292885981564 -7.061608196110626 2.361696336212006
81 39.05615701044172 -17.21400623736498 -12.867073879951914
82 28.650755517950145 -3.152238285031615 14.317255803697016
83 -20.756464321634958 -10.162349074808795 -11.776165996273747
84 -4.731902525484074 -20.85155353646792 22.189836523830323
85 11.926883636952716 5.703297158471905 -25.208169941144263
86 12.345390555217634 -31.23263102024029 -23.830466291216617
87 -34.06513541961484 -33.74321312496011 -15.133932070199823
88 29.71552697047187 -16.772935905311293 -27.80174277597661
89 20.762599232208004 -0.27907652801908256 -26.697040274018917
90 1.9640390885177155 31.240221858360584 -3.3342591599457805
91 -1.6378832371894134 18.19842974833665 9.488130244192632
92 37.54529374506785 3.9095017305618214 -37.820683387013375
93 -11.88048689222822 20.776850741089802 39.19957237973152
94 -29.28850380049372 -36.685663800130655 15.953177050027598
95 -12.40807237685642 -12.533583810936662 -30.879062507237272
96 -18.564318971894895 -19.19211251544575 35.79403284283521
97 16.056876053266258 -20.26500632540622 8.098809240792121
98 -1.4548835939339284 2.078591770408586 15.196917778575163
99 -1.852682939110501 -31.727010701181708 18.56733678698945
100 -9.89081866620068 35.52282605483734 -1.4263208101423714
101 18.83984803282344 21.714288475546375 -9.854084003475052
102 -6.218935347232616 -31.25318789001686 -29.556268743292566
103 4.065901644625697 9.094909198132903 7.066509189145826
104 26.355440598362904 -9.463423082284503 23.795269653356748
105 36.739944561025055 -9.724559875199532 -28.156248613819848
106 17.51407933121235 -10.096290081700019 -31.829975073609916
107 -24.616725315295707 4.355620662392504 -35.984619120881234
108 38.94571052867208 8.297398947218909 5.759793766267791
109 -3.395961852375777 -6.951516656093361 -2.1277349880763268
110 10.279687273485493 -35.01277133248462 -34.55935130199986
111 -19.263804907951183 2.320343710165943 -36.76434525883907
112 0.5499504604306651 38.1750413908846 -15.234377400069697
113 39.549990284544705 -2.5244931768611067 -2.144374285082229
114 -21.42564828324657 -25.280189172824983 12.185727282632087
115 -9.778255178203583 31.068190996039135 19.94687821552374
116 -30.494247524985177 -34.368357900018715 5.310845315537293
117 0.04221426303749354 17.22786871608116 35.89267089903916
118 24.319509140685525 7.351490014011894 -17.025465608199177
119 -31.895795317683124 1.2936817822396165 3.969033858704414
120 -1.9868871025045962 -5.089849455549569 36.02744217750458
121 16.65766307670762 -27.572707940733203 -2.8086839690904952
122 -22.732933842126233 -25.02206621890614 -12.254175460683658
123 -35.48755910846537 16.448552315070245 -31.074070725715792
124 -22.734335494154642 4.639156063518556 26.751184077342202
125 -12.288588208892783 -36.31736081914288 -32.636067263785904
126 -0.9003726694945726 -15.936776412337352 -31.145059496427507
127 11.794304166096637 -3.4174447081675083 -8.838324374632663
128 -6.297855736393046 6.771755818414505 32.49149142843423
129 14.093741068050221 -25.51951428237686 30.695424509269856
130 -19.523485372721254 11.197635624321627 27.900528989073948
131 12.7667296314265 15.509996470022536 17.021327739007546
132 -15.702031448355953 23.61066648325633 -2.778815697238869
133 -38.53488308301606 19.05855368722718 -1.5028624289090615
134 -7.495883618434306 -37.530720627778685 -21.401828132359544
135 24.95018821458146 13.228888414201485 11.066797370383128
136 -21.911393371467707 -18.06140606004518 -39.56078824067645
137 39.803887977583926 -16.458039076533446 24.967103613458207
138 19.080134402936018 -7.046319387114778 -21.31760584648484
139 -19.36849736169698 30.49644777566155 -34.58181778607993
140 -0.3913469702198 -14.307381419487388 -9.843225278497599
141 -36.18512152500965 30.228341632780797 -21.046819214476898
142 2.7375178379974727 17.600644162400357 19.983925729189245
143 -18.013861269822556 -2.870770896327734 -24.454987314328
144 -37.68877351843447 -7.849273808059166 0.6838592358646309
145 10.29997723007979 -31.321729516499637 1.7088167152353293
146 -29.64896580300424 13.208236471277104 -24.36165177433584
147 21.87813733953437 33.43054986269348 10.095157811853056
148 -36.72142406085478 31.021702337489756 -25.71225326016488
149 -30.273937094442296 -9.667684673462524 14.704896971347104
150 7.907340319554372 16.052422211925084 -17.192543250135426
151 28.9250409575575 35.927479999029146 39.14829072085108
152 6.140591193410209 -34.77802584813196 -32.75186531187305
153 21.192811305516102 0.8638532438979425 24.4592775936773
154 14.395195882368071 -10.096683532231605 -27.144169363450263
155 5.635384912940808 11.149672540856997 -14.118502363340646
156 -34.557128518603484 -21.58703449267053 -33.42208254643428
157 32.95501806143223 -22.956933631390743 9.981992528469938
158 0.8787192505023853 -38.60750906945576 19.42348017120875
159 -30.424455891815462 -10.442057366872326 1.8665188368752368
160 12.751940794889933 13.600322911098374 -20.534129325677533
161 13.748142744802038 -27.427310902847168 16.566312293804152
162 -39.45306450993677 37.828774402128445 -31.44226865288904
163 -31.45794490458549 38.5991454588555 -32.67121155124103
164 -32.237905172381176 11.985797140909114 15.853453337177761
165 -28.341875825632545 20.71434866405 -23.472336475295606
166 -8.703691593657688 -22.19178399613792 -36.50844002615848
167 38.15574501883221 -5.463443934754238 -12.20876016112453
168 15.406649547579192 -1.8481524283867543 36.20114021720609
169 -6.004882396956049 3.1709294486024575 -1.3672818409824998
170 8.40173692619424 0.21938093236200018 -29.28454589363956
171 -3.1371330899231964 -23.532185261047474 -19.43146147735166
172 38.02190300291076 0.5973403346495161 24.39198854198966
173 18.27859652508394 26.07312398457998 -16.701487445939005
174 33.40696814144238 6.61415356044899 27.503716150293698
175 13.390679359700911 4.331342493516587 -17.429587490114606
176 -6.859154095544405 22.132776805516052 -29.04808505194339
177 6.874310864763288 34.83296240212829 -17.946362568157326
178 31.064002463637067 29.35536821482532 14.542158362972188
179 -26.991593826298057 -7.659539067300962 6.602152037549267
180 -21.484732247159286 0.15329904455583687 -39.79357766416014
181 -12.363794873410889 -35.647446404129894 11.070641332384085
182 33.158711211016254 -21.704693405150593 15.992201434915685
183 -6.817607269866066 33.825944872928574 15.281596779581285
184 11.963626203825093 -11.622273755134973 -1.8811947486496479
185 38.57456188208927 -5.307667777901884 33.52594858629786
186 25.40364704474304 18.54072629926449 9.666797520237125
187 -9.323449296699309 3.4944610240017084 -20.786658367090745
188 -31.528010357975667 29.433732338342992 27.60662313176256
189 23.659732329896663 -31.082730186755185 14.302047855647317
190 -17.614125403212615 21.001312616842526 29.350626339257957
191 31.912264234765473 -11.937541644635346 27.13519610912971
192 16.09408062027056 2.506981097085202 -8.61582390648545
193 -25.05935187096437 25.56117243515432 39.12970706153813
194 -9.045752424074767 -39.83198735682981 -1.3722972612401918
195 -18.50769411563406 -9.794834801311367 0.37776877753226756
196 -28.62279227847288 3.718738225409112 -25.860545782771965
197 -3.614210035787771 -4.446036300393089 -38.740766121158714
198 14.943651517631892 -29.6930352792386 27.003051749516345
199 -20.44925127732383 -8.086131439256814 5.256038463808146
200 28.13533823613659 38.4579582389988 22.90828797857433
201 34.8139536294248 -24.555487855272826 39.52967079281153
202 9.199104293485767 -15.343339067178583 8.068738493559984
203 34.08684241349978 -2.4007591137918496 23.035576924963472
204 32.36567197965641 -31.56341291465896 -33.248018975033425
205 -33.110444161237794 20.532879739873586 -10.113336338773749
206 -33.69955392716421 26.119809086227008 24.807196879742037
207 34.51828447693255 36.21798820224066 17.61775231987373
208 -11.375499189993093 -8.652405499711833 -13.490396058051488
209 35.12529083470238 20.610100710407565 22.719134528035923
210 -9.048665320439486 24.221981900630297 -10.93005677932302
211 30.60680814196303 6.637288441233935 -28.321164833062067
212 21.097065749855474 17.029916023027468 -23.05153704866532
213 30.318536248242296 -13.54164416287216 -21.003981408880755
214 36.0392480320933 23.459558641500486 17.20085284304045
215 32.727949594923004 -3.3689023309336363 36.3382218274524
216 -36.07285419619742 -23.87301043066372 -24.71272767212472
217 -17.8227755455155 20.87549906328512 28.93950838730038
218 -38.556357955041946 10.518781228594946 22.430194286942395
219 -7.942083017439032 37.21011671763323 -0.1606712393588765
220 34.301174651727464 22.74710354343067 38.06764454222096
221 12.485787568126824 14.665196847864735 0.2838965474197437
222 -16.409043479505698 22.770006518731833 10.411110263166279
223 -19.868437042810463 30.25133696727059 34.81743380070942
224 -7.070098701202305 39.10262326563452 -1.7497505457142566
225 -34.18142984565594 -30.847876681833874 -7.887940333900183
226 27.22833258451432 -22.23915854189145 34.84303040968909
227 -29.75976478444613 9.738865106135691 -23.190437126360237
228 -1.9956216341998783 22.90488447274099 -35.61700490527901
229 37.5820412699409 -1.0007607619187553 6.688891336835383
230 -35.88638159964955 -1.058225062969612 16.63522609244044
231 20.02708562288474 -10.166973326171409 -9.179697462183782
232 13.277002095378506 8.503131338887144 19.91606429711841
233 -29.80585096052944 32.22784830421948 29.715874393342688
234 -35.422006897286344 -20.45808864267631 -26.856901755380953
235 -14.099934546003531 0.645452157443799 -4.474212659146346
236 -32.57586869335785 -3.189697222721655 -37.54396320661805
237 -3.4333913818052437 -25.12547777215338 4.8128331786053735
238 -1.5152366019133297 33.058642958059494 31.571602421072726
239 27.291254433489286 -33.59985576436087 5.629793962357411
240 29.911677722511627 37.38652929329244 -5.286234725209731
241 37.688659311107855 21.287389494018797 -7.953604031188199
242 -8.53029590681362 9.98255478086768 -14.032487417305646
243 30.621281815483144 1.0181433439624499 -33.722095450142405
244 7.5320854138749525 -17.11299917148473 11.996258196608174
245 -4.058131965962744 2.415938744572294 37.734336328611576
246 -16.141363490942055 -26.934944618694196 27.345040371144705
247 30.581521824442277 38.12090720280882 -3.4432921074861156
248 -9.336481962085692 20.077380084751574 28.06882090076745
249 -9.44568096322336 -25.181118306489097 33.70401249548149
250 36.005490502677816 -16.794183525088133 10.78261346528641
251 38.77053078321795 0.7176466759715368 -21.099429560209995
252 -14.475548896395757 4.5358267421825715 9.043000631466242
253 9.832656950651028 35.65815496990662 17.581385704192236
254 20.846923744437404 -22.1977651819231 22.560437884045584
255 39.97631983966345 1.5773853416087178 -7.232357932018225
256 -6.911418981550042 -28.11596467676719 25.21319964582881
257 2.5048193863867922 -19.869314574184962 25.610834251276188
258 -5.484833297812344 -19.002107906036876 7.189787946557075
259 22.39137367878564 13.400824516768338 20.436746524935934
260 -31.055589852949723 33.55691140623337 4.585662210341901
261 -39.738832862834855 -21.48685469034609 -31.372348258765026
262 30.739546616258934 38.592820934441576 -0.474547525677508
263 -1.7005028792538894 -21.650034796470614 -28.17539006540624
264 -39.068809940462785 12.531559574516045 19.698642204130024
265 -16.397935864808808 0.03759347778104427 2.6593767352631517
266 -28.6033081928967 2.4642189505324694 16.53243068914034
267 36.26605764694108 31.469603157748182 7.839277064739392
268 -13.601875703893516 -35.61205787787928 6.991445854200293
269 -28.054174922727803 -0.5758311419516247 -37.534252351048785
270 2.5689014773404892 12.391659671696189 20.160865651714836
271 -9.743035237791673 16.637465630363593 19.838054714856177
272 0.6833264141254674 8.443144649212385 37.344950526700345
273 -10.613914985888144 -15.430974992354798 -35.77752763278962
274 -22.14964092107649 -20.47597608431058 -0.020087209291943964
275 -11.342647277959614 34.50742297609173 -3.1749170250481384
276 29.464827639026154 29.077815402733265 -28.06632362405584
277 -20.078414351103575 -4.48225295024897 39.14755439860281
278 -35.313535397830655 37.707325598561155 -16.436143537985537
279 20.813256767531094 33.80281993895065 16.81581215327448
280 -12.27069799007819 -37.19780186297777 21.194416390729955
281 -4.927829614286843 5.440182713270232 32.81956521535912
282 31.57171454180856 -14.938436673065468 -21.624715407002213
283 9.344696078644347 -7.445940658162229 -0.32404236177825396
284 -2.8182918769706404 -36.025362572689005 -2.6400770716240984
285 15.036960490532834 -34.448888981062574 -3.1489385921101416
286 7.114148712261013 -14.086722917356553 16.241208456670932
287 33.78809816437007 -15.984400207340546 19.639014894576412
288 -25.206531714245457 -15.898014918205547 -2.2901433165277822
289 -13.53829384478442 11.600248394932173 -39.97636302599791
290 -13.101988183514237 31.949899372730272 8.05656771157308
291 -21.991399765920292 -31.02188728646614 -30.271687445815722
292 29.523682859928655 -34.33015189482635 -36.84304067397441
293 -27.95312282802474 8.023307391015173 -28.277066071175902
294 11.846912821351737 12.418650538591876 -24.88479188530566
295 11.074765549650031 27.966656103126354 16.24746391345441
296 23.951181314873615 -30.576446706566223 33.08889374357646
297 29.48758666331058 -7.443409750758363 38.073085412827666
298 8.063182096556304 22.113587591198957 -20.645608399799997
299 -34.69378323300438 11.558633585119779 -39.484617916434665
300 24.273063910772123 -11.754954135606646 -19.854476229772686
301 -18.207415101201292 -31.128961770456954 32.77591573001382
302 17.04055105097892 20.883629375020227 2.5277534734506517
303 -0.8799670628481238 39.2443056189329 5.399178597354243
304 16.167114101463696 -29.171339936824438 34.202626499434416
305 18.161005951442135 6.766605735183276 -29.20664968783729
306 39.5203364974485 39.9948647351074 6.798032045995086
307 -0.6823860370583645 30.434085741039596 -34.77977112471585
308 28.494063510691788 -9.032925397454157 31.916552141763347
309 -34.05366597067558 33.21331212974688 6.527252386252087
310 1.8289322104815398 -3.31614734227842 -8.59347551320915
311 23.323034760787998 -13.242082231153141 -9.16196175473786
312 -4.705291107820628 -19.336355811660084 -22.373337953624617
313 -22.13159880558276 -2.2001684357496814 27.114117016092948
314 -12.251791404471533 1.5235619183328382 -20.009860975556055
315 8.492883890658824 29.82593287227091 24.381634831604615
316 -38.73880680393186 13.276966434370635 -30.10498827126133
317 -25.915802879537296 -24.221160203472056 37.570575648475526
318 -5.638750948495392 -29.159626210788005 29.26963624316717
319 27.12857203798555 1.9795126810291634 -1.0158070890203987
320 -15.459681441536326 -24.952671099707295 39.809232187233704
321 39.86432752037456 -11.160463340277378 2.252341845840988
322 -8.848583067107025 -23.09015380969699 -14.838648486712593
323 -19.229960898336618 28.349540002671574 1.1578316378750912
324 31.39121554169253 10.286037083624187 39.217585691428724
325 -22.39990655370019 -15.772830525889727 6.899855011116422
326 -2.970099472224547 -1.4174702259299465 0.5569280173647329
327 16.657746319012205 6.682395978883449 7.895572526214458
328 -15.522710913541804 -14.583952548423468 35.272909226584986
329 -1.4959060557393329 12.116342859066876 8.461053679053094
330 8.750389731025443 3.778505389375624 3.6864996477869028
331 35.930307714936475 37.676970493811396 -16.619613084376113
332 -21.766764262671543 -6.447897957020174 6.516004869167645
333 -27.205256489664436 18.996665741175548 -29.181373541290043
334 32.781314090642184 -11.102879094782292 -16.506205915713032
335 19.20919642875422 -9.11248252928166 -22.146129229246938
336 -15.144147008714945 -2.8436767750423897 -36.57893493658414
337 18.367113520303022 23.802232313317617 -17.514117215286838
338 19.929720026586573 -14.724609554448982 4.489919140193457
339 17.374017268784243 -10.547970899641168 38.99454364426012
340 5.522121321880732 17.04723254297123 -30.810436729564685
341 34.87243462034415 -29.999596655260945 -33.66854063737221
342 27.727500527539775 -21.978952599837225 1.1849142321210948
343 -21.727523219855016 32.02429876265586 -29.798774867878784
344 3.796061503276306 10.106577362381458 -25.20016484867721
345 -13.644251387347815 -28.476302336658605 -24.31081966370914
346 9.576246686601351 -34.859601367139994 -28.320909627307156
347 19.00984983270454 -16.730944014218167 -10.140775179147077
348 -34.15348088459102 10.618474640945948 -35.573643940288385
349 -22.63372224845142 1.0213632677005506 28.038155338777358
350 -33.79630015548039 -3.4274647793172974 13.111547075609721
351 -13.978469122616765 10.484198107576148 -30.34491242449721
352 -37.26948378542373 16.285939315921432 1.7462571455880394
353 -33.00239787811881 19.883842536321424 11.279844517503918
354 -15.012964427756408 -4.911634517774466 -27.851971306732715
355 29.635014123291597 10.334976257608474 -22.199162001932883
356 -3.754927476908108 18.984219744263306 -2.710038680162441
357 -6.01321268307818 -9.957407145400438 16.367427409790487
358 22.68100464589842 10.763271167411112 -28.051995248894936
359 -8.50893930491564 9.97433418160334 -10.426842088907815
360 -28.354282131597923 -31.028023574163754 -11.34901181985704
361 -20.248997358989953 3.858175413933999 12.262366707683299
362 -29.049056250192375 14.130667100780244 33.8233828595405
363 15.141996080782071 4.13064062086697 -0.603430768751501
364 24.916087139463656 26.199209612927845 24.84555338889676
365 -26.605630995195302 -22.139217507289743 -30.457812487931413
366 -29.580361686247088 3.6209525106121205 -9.354398755056312
367 26.88515255406604 21.706621766209977 -14.934707502007953
368 -21.744154798146234 12.297774995832249 26.207270515887615
369 19.787353953754163 22.78699275807579 23.35133991635722
370 5.042526125899286 25.885955475707362 10.388901689483504
371 21.904299990717064 4.807870967359008 -15.411267653728132
372 14.171489967052047 -29.590344582966523 35.76536625062752
373 -9.615349971719532 39.067065765234304 -2.189492841368512
374 6.743378819319531 19.07924902601593 1.9607074308934003
375 -30.510327665540274 -26.3018757852944 -11.418970260655197
376 31.766734693933657 5.314812300816257 6.80230215740081
377 17.98122476728534 -2.1667265753185774 2.725432786568909
378 -8.957378201926602 18.013870062493538 -35.83626057138393
379 -20.810773360214085 -39.451586536961315 -1.8392539623428519
380 34.8806483781061 11.460852501054475 -10.413354268168593
381 8.662340759147071 -33.77197698058865 -34.54220546866331
382 27.642608787129305 -14.12377320849588 39.62456126969687
383 3.98044484783653 28.8826634221885 -25.63013992011203
384 26.982749373515475 -7.556150374428853 -24.2059945285183
385 18.69820353262307 -37.69154923126025 30.830020725490783
386 -37.361998577159234 4.926350507262157 -39.24090498928565
387 -38.253968062844436 -23.427068792855295 36.36949168885076
388 -13.088281508051509 16.78373877012141 14.268810117625023
389 -4.803211756561538 20.818672808551668 -38.58286444154185
390 39.93181551929085 12.906060956011558 27.079494165038653
391 -28.374838758147707 38.4719888881022 12.984872471671892
392 11.501923936758828 31.225148307234207 -36.00275101389791
393 -25.44229386799615 -35.64673451127813 -2.728492779256939
394 -28.434682988484106 -19.541261424419652 26.271541168423582
395 -21.742528550766576 39.53434259715604 37.37736017080668
396 -17.07270779074569 -12.027747799286015 -27.84458144315081
397 34.68989331739215 34.12904357303722 -3.3922835068339836
398 14.232419382283801 6.339743038396776 -37.75923335676517
399 8.696612580272898 1.2709163764196347 -28.2005365789598
400 -16.09892222917872 28.21862926399868 -17.551906483264233
401 24.53210632570857 -28.623108034691604 -32.767570483415184
402 34.02258416361411 -25.58115188978708 7.610242852388829
403 -27.51848900242125 18.846470385021313 -15.312477182011097
404 39.92847778494189 37.11734132978896 -35.30565772126614
405 -18.532462436255805 -29.787837292224193 35.63535677921749
406 25.451682981925728 -1.6248538365326937 24.452511271132096
407 -0.22192487126152116 14.604783102780601 -31.844614552762003
408 14.418589579675334 25.38133689966085 -10.702709546253573
409 -4.516397221026068 -33.77265012216733 -38.61058105869958
410 26.180212964485975 12.904980921485965 -32.90938768945392
411 24.02312900587789 28.323904741394003 -29.281815431914833
412 -23.504979841229947 -9.128628052536357 -10.029234488469825
413 23.753602929313004 31.444184425240053 -18.446568625748085
414 -15.992998402895218 33.978813449936624 -35.75055798155543
415 -14.471201603870583 8.307624310696646 35.208025254545575
416 33.76826030202139 21.62395773274391 -30.1474116217977
417 16.374335401425185 -28.075485870495438 2.1808623515249153
418 -19.026872282109572 -22.616776558980717 -23.690663746244027
419 23.364657649651654 -30.892919750480292 9.782792837672723
420 -36.814164900702096 -39.35542396371477 21.40861279935541
421 -25.172623056880667 -2.309597679704673 -20.003495115482348
422 -32.89353230562056 11.79724840624096 9.459819017462934
423 -19.191259690125413 -23.154419173588234 -6.93819998949521
424 19.676737012556664 -16.26640421618683 38.1441612763665
425 27.12126097284677 -28.14515161318137 17.97338218208008
426 -11.977807500884985 -18.47598733644687 5.059008840331394
427 -20.768159473980354 -18.631036771420384 13.869968422857937
428 15.265439304978884 21.890380604671975 -13.920369635586702
429 -26.05883723639777 -17.629771089672197 -24.764401618681717
430 -1.2260430156025848 4.522651499442418 -9.63341733413258
431 28.39270891406703 2.1372486029072633 5.78741461468362
432 19.03980580204231 16.68200855333474 -24.610761021989063
433 36.721875442642144 30.819374302770925 -5.36139505990873
434 31.137689574506666 -31.645439044604345 22.6672073655632
435 9.896827825626183 -3.041543782876687 5.303412578811134
436 -7.046646143860656 2.2218378010102597 -12.417270226978943
437 16.821672066164012 4.9272895791025775 -10.237526428585504
438 -3.5156615636801547 9.84947142681311 22.458903996585427
439 -20.980270615884812 -13.444401842845526 27.6696562239228
440 2.5794864224988956 21.768125272185934 24.628021854568573
441 -0.2846991419899396 -38.404669442024925 28.843368897266473
442 11.712247875332125 -29.72378380161139 11.219321077936577
443 5.075011266234206 23.580193792869522 8.556740101658363
444 -37.01055461286487 -28.32592109077824 -33.14101676437961
445 -0.905296043338339 -16.928210543423692 34.76761336314074
446 -17.727299103431875 0.6000459281685977 -20.656373500526914
447 -38.02118858334328 -38.05882141136725 -14.447243397582781
448 38.57011545521017 7.766791349233458 25.48596991984587
449 0.5337916931541926 -32.94910737272148 26.736544444845364
450 11.205204850510803 -17.240423820882718 27.493775961466383
451 -36.75900196027308 11.058748933472053 -24.212727821262625
452 -1.9978590843806003 3.3677980365946354 -20.6320472770011
453 17.6847846647032 36.116134463968194 15.736443505338642
454 23.982692241835146 -22.384700670376354 39.2112856094043
455 7.057914702404311 28.1053893950114 -23.281631345010343
456 24.51685698268193 10.661266888340926 -33.52383878400864
457 -4.458550001888604 19.92021479906056 25.920619810708217
458 -38.58145132651536 5.8348441419503345 2.8908053315139526
459 -29.219407286404735 -33.248242502812964 -35.64693312982304
460 -39.69433640090244 6.135305969068909 1.8868141778094412
461 -19.502448836931734 -23.996389092784256 8.617920764215185
462 29.943547572727056 -33.65308749423225 -32.56539074551743
463 38.82707609974264 11.239581623924806 -13.228017256282321
464 -23.890638951840266 -6.952446579001553 -36.5801709566457
465 2.5960616654568582 -38.232796226544465 27.153340335122422
466 32.33209629569026 28.857955027592325 4.266288980340377
467 18.093253045145367 -1.5946499309405553 -23.112663332155705
468 -24.04023039108484 -19.152263056018324 15.995145362141116
469 -38.39318400765159 17.767167802009624 5.193899593636068
470 32.798333074698135 11.173076322261224 -29.398635570036753
471 17.95241436472231 -10.431085220339533 27.616988548983016
472 -27.274493549152776 31.934039828708606 -36.90199380646865
473 -11.104917306013071 -35.23865025165995 -32.11321976882775
474 -30.238884529788884 37.66245150822505 5.217685411516783
475 23.653905015872503 7.150954945632655 -31.384243429702245
476 -23.651484129052722 33.37350848771885 -32.57711535985686
477 -34.10314809944454 16.729492620705066 6.255641599564143
478 38.38715038237062 3.6297236892262106 10.521685417802857
479 23.811779611541027 -24.55984818532075 9.652499857375084
480 -15.081397090177575 -22.60113104475075 -37.93274672003777
481 3.5507751600688664 12.159397482017667 18.18456248830075
482 -34.4114583325257 -36.50696568506102 33.0184946248491
483 -26.443977168919474 24.576255144658447 -31.93919596631046
484 39.69098691645068 -11.846232968956514 -16.833064122922544
485 -3.219051962781336 38.115697319533 10.089476411133873
486 -39.13844609067745 2.129460889722779 -21.072321398005556
487 -19.609026615687526 12.017247127640182 19.713127084994753
488 -27.268111788227518 -34.180292120233176 -7.886539086599157
489 5.924024093899561 37.115610670738164 35.05959284910955
490 -34.208939704682265 32.78237779857241 -33.96438365195091
491 -16.63243117248367 -27.176240410595447 -17.99033066818844
492 -30.99861865450429 3.865688596217332 3.6109020935782254
493 31.758687447786954 3.7430330044448112 9.183834530117487
494 2.811548150652989 19.528626377072634 -10.123687102749752
495 35.38423560140947 15.174923892311234 12.790955587938335
496 37.33849803125119 -10.614065372144115 9.359376725616158
497 -32.51639925208957 -35.78707755900487 23.6738141167542
498 31.519517933777294 17.546835701929254 30.703214239071613
499 -13.035868327440376 39.146779037540426 -8.397926594785979
500 12.113771039728405 -35.697236105544334 -6.014186521381276
501 -0.12653623455832275 28.537738509623992 -6.762489153825804
502 -0.38947905922108816 -21.496406414542104 -9.878582008694934
503 33.708565286738974 -27.72636839771094 -1.7791917596812894
504 -23.080924661720886 25.938220119431648 -2.079697460264775
505 -8.578251227405271 -17.66447878182621 8.43356978435029
506 -23.510716730776995 -39.10362035393937 -24.75573346497785
507 18.386736179813134 23.079531744192096 -26.308861954954033
508 -36.01581909982849 -39.10601093640936 -28.002966896081958
509 -8.47956959659923 33.71101566074125 -28.257499520047187
510 0.4316001626860171 8.061561662157132 -14.290987487604909
511 25.34888403503291 21.270497985955785 11.051960842344926
512 -3.5053733188855247 20.43380525453793 29.217674542108227
513 3.612294321301029 32.286359477968745 -37.270881326113454
514 10.62788765875127 -7.146580972809218 -17.342795181699895
515 -15.479154550674494 -30.608135862007195 36.0885693541309
516 6.007001656225846 -13.554098175457092 -29.60287343437762
517 39.750804584972045 -5.11075902635028 -18.75573054834474
518 -26.870658559269536 32.09517804553502 14.026429933281193
519 -18.548186233479527 31.541751524691335 -1.1923410137539037
520 -14.977902504998983 -24.406325453387137 -24.035933329188648
521 -37.10906764181004 -36.51833010349837 -27.73064328516945
522 27.206550643113175 39.786465600417 29.613262450032636
523 -2.6719376531846635 23.42484251215921 29.619911323617444
524 5.741371813655583 -14.752455286522679 -23.965332686862002
525 33.7002460955905 25.14943176356975 -9.007192321082378
526 13.676486572875518 14.233120750150484 -3.9448401355803924
527 -37.71635577244166 17.903636746375675 39.60752579361862
528 33.58100593372562 -26.972884408200237 15.897012896156696
529 -17.21231929413414 -15.656878285653804 3.4491823009607074
530 -38.01013464721454 21.541602759419774 -29.065216214495226
531 4.855491094192104 1.9416123640393295 -4.180410647199977
532 3.071209749998907 -14.09565760120758 -35.27541604891315
533 38.49701853011126 -22.822866262557866 13.804402414969388
534 32.740486591566594 -16.73948120532927 -30.328478535400755
535 -35.76316533914535 -30.574814519885763 -27.09307578495018
536 -16.183060894189254 20.373025368725102 32.46978781807849
537 8.458555353327043 26.684921638147628 26.37301774152985
538 29.52853866189885 -8.458828422509413 16.404012436759444
539 34.872494301740915 27.578067777279728 -1.200577723486191
540 20.7037936909186 39.915600711937614 32.354291144604304
541 -39.42790199079626 5.268789192669054 2.2340871539686376
542 -6.6016312788823655 13.641829856746611 33.90161224948736
543 -24.00519766671856 27.38078814608511 -32.13313258011812
544 39.177355205630505 12.006671569386427 26.974965998240137
545 -27.16452294281612 23.918236050097363 27.252361427407706
546 -20.94798489397899 35.32388964519298 -12.935961129593451
547 -36.18864687538768 39.2353088174264 21.725137332279026
548 28.234590926682472 -32.37430594670223 -24.923310029554315
549 33.12627209763198 18.654831872840482 -28.37940465574612
550 -25.43628963042152 -17.555451677984575 27.222204232613777
551 37.86201578565206 23.527249261284354 16.355581137438115
552 -9.678394481487853 34.92609117144195 -29.272436442152532
553 2.3300222695898185 20.294159516784703 -29.98255406425363
554 32.319862373384666 6.5923888163405735 28.914788029509026
555 15.875824764373412 30.498216713458234 3.045827514025497
556 -33.87908906887635 18.906623861519336 23.915424813003142
557 -20.91133976937252 -30.095090077520634 39.32743937985508
558 33.31366710389713 28.74201300889139 -0.8015038499394151
559 10.54951608501625 -24.26952642771883 -35.69504537872098
560 -34.963919641107 33.285323550833226 -8.907801336500356
561 25.194826231109104 -27.066743543872978 -27.956703704381447
562 -16.408558001451688 -22.489720988497517 10.792472602540116
563 14.411628067332494 -24.847922427432607 -1.7102020042156028
564 -1.6206112014056018 -0.1407690623119251 -37.27274958165253
565 -8.244218514389246 29.437343428996186 -39.092360391356706
566 20.01502054809947 25.210841221029597 31.534821587004146
567 25.606568985751693 5.1573783044157295 12.572981014709221
568 11.61515301555724 17.097404368932942 8.28326474280955
569 8.853402414311148 -11.055263612505904 37.78522311260035
570 24.699681905269472 -36.79175838104092 -0.1630019079022702
571 -14.438132224676217 -37.3875475714296 -34.73448048477713
572 -2.2074474603628715 12.389171884995712 35.94147607741425
573 -34.77107459810249 7.289364463918602 1.3374979130453752
574 12.710997580885532 -9.611098196495035 -35.27735655923868
575 18.52878899721229 10.325719262320675 -5.881163624466183
576 -26.99671419711871 33.025709134599424 30.50704651823851
577 -39.279825637324 -16.580596483622223 14.8979345958453
578 6.10565087011571 -25.695774581661325 -17.322145428090792
579 17.535132501354376 16.16620572645394 6.739996809256816
580 23.523784977755184 -0.5061107443577129 22.50437491183328
581 -8.47570919071125 39.380263168877946 21.214574264064666
582 -28.228580112304684 -8.352874797756495 35.986158185922605
583 3.7971910031016236 14.734832129965042 -11.666827179826356
584 38.288940756291666 26.609217395287203 -28.27017267960132
585 30.08058260536278 3.092024150547317 -1.241185968472351
586 -7.003709577651527 -16.76583464831685 -18.616860785965834
587 -3.4936940834624934 -34.3344165575068 19.76686022898309
588 5.037492605009255 -2.8513669094324783 -10.61541479431158
589 -37.137239660051364 39.137587089378925 -38.49852640565849
590 2.2958605545061133 -29.679766680108123 -2.049850191073304
591 29.229163024606237 39.35881057072717 -28.994973244640086
592 5.611390277217268 39.9621137828303 -1.1226157451951835
593 14.701782153945508 16.33769727290384 -35.030176422016226
594 -12.33329556061932 -8.678016743982724 -27.394060102771405
595 -3.300150272070141 -37.61521285157636 20.105213988046046
596 -34.84611645838613 10.992104093583634 -14.98104293619945
597 -14.897933310264762 -39.748950831498064 10.343034090863412
598 -28.994665018829586 6.621533122466545 19.02070416818703
599 2.791728422076993 -4.760646240717108 12.60726187183301
600 26.130492147796048 -6.652868749718422 39.61094622051888
601 12.289711834573048 -27.89834631298806 38.53557670451164
602 -20.691703107429298 -37.75593944044027 24.196260796231087
603 36.957510728114414 36.67520321182104 -13.162943868468105
604 -1.2805973819427123 35.43639160978303 22.428562531395748
605 10.088115602597043 -15.597660961435018 -29.445122089009097
606 -17.284655778794303 -30.882009863530637 -37.500009694716915
607 -35.45746891547627 29.911952863126302 39.526461386584
608 20.05528624707017 -38.82450398242454 -37.044336181857595
609 9.097610355849966 -1.6618645044901967 35.66782072660594
610 34.99218299387445 26.76978159452591 -10.134946031035021
611 22.27197951161432 -26.70498432745169 0.23162571082242067
612 -30.44310728982979 -39.79233434502629 -21.724762120093057
613 0.4189204590433775 0.8579218906191386 17.440031541316856
614 -13.451675743559129 4.1469898496757835 22.708814273657048
615 3.764192918298413 10.488780248721682 16.660988614518438
616 37.19180361432366 -6.029890413298261 28.274867979288544
617 38.08924224477239 31.893214681775447 27.46996841419788
618 -35.198185787205105 -1.9647858952335469 -34.6459344048958
619 22.48435080167689 35.13324448409199 -34.26168415783807
620 -8.766451176493682 5.578817431479656 -0.7187221490169833
621 -27.607459550809466 -11.951923736158072 8.146292395636017
622 34.49743485405753 -18.67703237911111 -19.712427471473887
623 30.30057693762417 24.183259801218128 -33.17775904897876
624 -6.97724593726447 -12.340354756093515 -10.167416753365561
625 -28.873192880888023 -33.20233086250657 16.212393245201476
626 19.248265458771733 38.35394086093106 28.058843561313168
627 30.886204050531987 11.24964669423715 -20.878798924510296
628 33.59769743798361 20.030652725923943 -34.59645980562209
629 -39.011349481618524 29.154357630112116 19.215110718011644
630 34.48844557901684 22.982331632321362 30.98422732327421
631 3.1604726158510843 -3.5668685606560473 16.886219083506802
632 -26.667174591509813 25.205637991129365 -3.271152921616043
633 -19.140852351863813 18.98612623910951 -28.436187844618672
634 14.598017080743027 14.379589318216802 16.855579058244892
635 11.510986806788566 -26.609131322041463 13.695625953686033
636 33.72179485510024 12.368586520097338 6.72205951897152
637 -5.809926215583225 -8.36058047897172 17.28645709427937
638 -6.470613022189156 -28.052039551795012 -1.1471620417227513
639 -9.419966167894565 33.59671524140313 25.216809918995892
640 -3.0712558309925626 19.035630545989846 -17.88696359416975
641 -5.894600920513959 23.919135914922038 -30.99849356665797
642 14.204397389485862 -25.12141928303059 -16.75159744151142
643 31.989661579347825 9.318512051611876 -30.154579514474065
644 12.34116391777458 17.069154907467556 19.383091236550115
645 17.96810665110271 28.17565709311293 30.40811397708336
646 16.235547659435426 -13.195907851770912 -11.755408726693304
647 -8.263837935259446 -27.12928310879939 -16.558602455245158
648 -30.475721096856567 36.92814189006539 28.27790492623184
649 -18.249224713957943 39.16189498561259 35.32682028519491
650 17.754442399739617 -31.045050483734997 -32.69881138067241
651 -23.693504354655328 31.46626187486345 23.074145307696497
652 -32.39000541280846 -25.22179102733224 -6.232729242721021
653 14.785804851052433 19.053040980874997 -21.251676828088087
654 -34.1504730280332 11.233831279316817 38.97504628007384
655 -1.6773603888995936 -27.948702621183124 -24.680260035713808
656 -32.90094342741851 -18.94602753187108 -7.127394872309189
657 19.696767699223734 -39.59111795495107 18.918522680476826
658 -2.927910303510977 -8.887314222610492 -0.2239892281814022
659 38.3118734140928 -22.61634788352235 -29.599931638534535
660 7.274045401438876 1.3893834939134848 -22.404294730687564
661 4.64372694089073 32.18782550076436 -22.01090159204199
662 -15.463013535864071 17.89642589924415 34.19479493702485
663 -21.134017839630765 -10.665474527840413 22.78012536246937
664 -1.1251217414977859 -27.4031561519461 32.64605938907118
665 13.334625949237164 0.44147922579497845 -13.051509564508315
666 4.713754782363786 15.246160258733909 2.649971993203991
667 39.96001111390264 3.953520510492069 -16.787159346725833
668 5.38991550433628 -14.185615879140315 -7.948359697826255
669 -32.73446838858735 26.86660271387484 35.723043426173206
670 39.113511334143524 30.24064899112068 2.4721205531879207
671 -27.341303501654053 -11.947383249920243 2.763066640984576
672 -5.0205905932679755 36.69474214336472 2.8644947557734994
673 -10.163728133318433 6.676945804218342 -12.840186770111856
674 -28.635255662320162 -25.712860750829112 36.537497370996036
675 16.163073739037074 22.787590189924288 15.519512663318167
676 -4.60389764812669 -6.801528184222619 -4.966689080479398
677 -4.216477836857308 11.535843953281756 5.369753742225157
678 -25.81543615055712 -21.2114001379428 10.998179442644727
679 -16.639579389210688 -21.068063154402317 16.891416194929675
680 5.115891222145123 20.369087008221 17.88159448204503
681 1.1090525586955309 16.02974671739741 -14.526683058289436
682 8.733669348749174 -12.774999115397332 24.145354921826993
683 -28.02957602595212 23.858735904651184 -8.834132523916452
684 -39.001687503978786 -8.15710566465242 -15.008221994616207
685 23.241994083488834 -37.958843930923805 -11.359773041085433
686 24.06111690411477 -16.23273392623848 -17.35484662910295
687 -32.88796260940727 19.784185642051455 -8.744994357562117
688 14.884235904129753 -24.487800777421313 -17.443662009244775
689 -10.594676218545473 -14.225017780351976 -15.729717713946076
690 17.66591587913011 -16.135838828237567 10.635030335427594
691 35.50728129565901 20.488762319354173 -15.059776310822855
692 -35.90189109855675 4.371949556461054 14.872556594512794
693 16.121112629462715 9.780501864950686 -12.231346367139537
694 1.6095665469209592 25.34702139550899 -6.6274202073587105
695 16.596761426554878 -14.209386669109556 -3.6676709434810206
696 25.14868559678108 -15.741578544939987 -10.877901294723689
697 -11.179910113689957 -6.899768068143445 -18.957221097337023
698 -33.27358958971021 -1.9673707807190581 3.8073925616555755
699 6.018598906349801 24.888871269698228 -4.341731873994227
700 -16.895236161445062 25.15706035115747 20.485840668545485
701 -6.882159183171517 34.63059845839123 0.44187846343774595
702 -24.727077390744874 10.888560247957784 -37.07093367513511
703 8.707247469615552 23.052347907722734 37.520279666996785
704 3.2161964342377445 -19.82480629153036 11.139812723122056
705 12.37290072568426 -21.103081940598287 17.456439100933494
706 38.89556724073461 24.080252052429117 -5.356824983620179
707 -8.346437649671074 -33.37520067820645 -13.317376657831119
708 39.0918300536575 10.143059887870677 28.046456158549034
709 6.5847216684893795 -37.02843841509282 -19.461731498386925
710 0.6323376843292436 15.447143764271843 -0.08865230157056203
711 4.001254139050118 -15.504328598365511 -4.959012083041337
712 38.52599475908583 -0.8401462174492735 9.686286398316042
713 -19.342618657179003 -24.775053224739025 0.40276107331895616
714 6.753836602560796 27.05458266718952 -29.28600471301384
715 -9.508979368541695 -37.71533535558363 -15.7068998462392
716 -18.214708218698277 15.023080626628385 -19.717566619485076
717 29.09125901125823 19.99022994835083 -38.31210869559163
718 16.812421295857234 -19.18580450975581 21.475645406473916
719 19.12822727227183 11.613521059585452 34.56198109611191
720 -23.046960311405414 -33.88274687091182 14.373118664053315
721 -0.1227388596661001 30.666703762295356 13.666889997676037
722 35.58221450742688 -37.301011727315974 -29.918781653277257
723 24.97863085407434 -0.7194785599007361 -2.3623955472596876
724 0.31995087810923195 -35.26441591691433 33.007454805890234
725 34.392277249000486 17.440171256793995 34.972265551847656
726 -18.08513423130521 35.711369387354836 -4.983989562327373
727 -10.80008714232072 -8.6762916458568 36.56397455630818
728 25.742973202639973 -35.32673132163015 -19.630456066116764
729 -20.83924715079526 6.712476484991228 -9.922074224486295
730 12.160998220510436 10.239277640093235 6.8063630966071
731 3.24418992231881 14.86812398464945 -20.92944686557822
732 10.885191979541453 -1.7110303417697637 13.35213219183737
733 30.551825324108222 29.599712203767922 -23.829268369958776
734 -0.5060416840766493 -37.123922851663934 -6.924368796674145
735 12.779180924977716 4.617095027989784 -15.427374095418365
736 14.608553983852453 37.680954798852 -21.604409957513326
737 21.763856626942548 -1.2551127892048513 -25.81975866943747
738 15.918441053964088 19.139797966307306 39.101336422303476
739 15.210934424727192 33.26469053826497 -19.69127416648699
740 -1.0929399559822954 30.406669715237 -25.713304922573748
741 30.412618849133338 -32.80422471697992 25.418713457356546
742 -37.761164566119504 32.723860920378144 9.983363007795056
743 -1.5841619578820954 17.034998320598802 -10.311280825413487
744 10.425348472994422 -8.695390198247157 -12.29652531415617
745 -1.7890618327851797 -28.871453091552397 -39.19388617924234
746 -16.2866456187274 1.2023925344298831 -2.7619197307589047
747 -28.67919551518395 6.476786629799676 -34.662642559161156
748 -35.17667653561328 -21.614534823899785 2.9264531859555234
749 -9.66439614657956 24.597394881864517 30.487288715103546
750 -25.546766080789133 39.627740436900666 2.654057728284357
751 8.922437728573804 29.441487429830033 -8.988169925033034
752 -20.503526769037627 -38.01649472299951 19.18102166622387
753 -20.251508955184285 -31.48924521323704 -17.80890409767027
754 -24.185123960549326 -26.896783166479477 -32.86525818024272
755 31.749700773357063 18.655908868852798 -32.21108323485997
756 -29.25107809409301 35.815106249775994 -18.019123848043293
757 -28.45465549258053 7.496632173728258 -31.482113819773936
758 29.34677658538351 9.227384251056435 -14.353594152275065
759 -3.045874007825155 -37.006829483907886 30.71736203824291
760 -20.03487825917931 -3.6361121811286097 12.161540489436014
761 9.75650719619896 11.410761494938448 21.42887637333712
762 -30.18902630152091 18.82409049478707 16.19877201497222
763 -37.39915230007793 6.621092766267125 -23.208285551154706
764 31.427266242337993 -26.51972697613764 39.147279273894085
765 18.177051529920398 1.2665563714368844 -34.28725655452367
766 21.96164920180116 -1.5511680654893354 -12.071552985669367
767 -1.3781336412863894 3.300198113872632 -17.08821511720859
768 -26.78599700079878 16.231966410360315 -19.7013522630115
769 -36.13654796225846 -7.406659222342341 13.859584877648139
770 -27.925567178336188 -29.16959601928501 -16.76856502258877
771 -23.87540986328826 28.51821316458441 3.891017268755917
772 37.52099518314479 -33.70631939607286 -7.6593405212423775
773 19.76931917961872 -29.508924894620357 10.471440486110673
774 1.8467021915590323 2.56605921607013 -1.5299386124153287
775 -20.74040546739962 -18.422987119448564 -6.8042593302549506
776 13.172542468767638 -12.348585728925912 26.539809159968144
777 -31.846042336604405 -5.619644319971407 -11.035824290780276
778 -25.337742764307585 -9.389970754225601 17.243533725508257
779 23.054794420821125 11.149487478775356 -36.45119214627057
780 1.978931433035342 24.62144318279134 35.42640382740946
781 -8.775821133668575 -0.7393297010308686 -29.298453345735915
782 -36.567676501270896 -31.994536652602086 12.518637701164408
783 37.118836952636045 37.48242724708092 -15.685567420646798
784 5.5148990837324945 37.863413587583096 12.285232935982542
785 29.769763341131195 27.36209721547999 36.07206068899046
786 21.04561719147228 -39.24947651991171 -15.907883587868739
787 -24.317527042290017 34.630118184474824 -5.850044814839308
788 -38.38432886466508 34.16281977613515 -16.566825028422976
789 26.618308714928958 0.8350621494155703 9.90718869030416
790 -39.08786426135913 -2.369554377958245 -36.430944309727174
791 -29.47032832844264 -8.903060149988377 15.004222075883256
792 -0.49678639880433195 -31.947213936025946 -21.04281156614695
793 24.67023547795057 16.366350353914342 -23.71950882929014
794 -4.422638453482122 27.94192720156414 -26.743129218457664
795 -21.42128812322671 10.572723650772943 26.043378580509838
796 -39.488992157806074 -7.433609016994168 -22.436930791689356
797 14.316224555331743 29.869030254470474 39.702845635780236
798 -7.5320342156474425 -13.481168689120288 -24.939929393788567
799 -4.415424973174787 4.890824183895539 7.072424859619424
800 -36.22096233642327 -24.783594169719805 -18.04608375554638
801 2.142134280498375 -5.294222222620995 -13.502138846320577
802 -36.74402802958751 -34.845021912882586 4.8838504446948505
803 -21.202645364344257 -2.2032502100894007 -20.602372348336218
804 -16.39876414244645 38.78621444538244 -39.44230708744742
805 23.2860529015176 -28.74938805535357 15.152210810472333
806 23.784866126361067 -15.932529448460961 -29.229526900084206
807 -16.75529525251438 -22.53821356607009 -31.98718395991402
808 24.604643357840686 17.14754655796294 -20.575726558213745
809 28.487473583279396 -4.843636725488842 -5.82552224023388
810 12.64698672398292 3.1883206680774308 -17.12219555897211
811 16.603234795810366 35.22538772451449 -39.65744212190927
812 13.371182998818853 -25.208565226180923 -16.47519818405418
813 -20.9148577289239 14.246161877798599 10.0689199191835
814 20.593107862907523 17.438961116925704 -8.858688900969298
815 23.02800034238787 -16.60713485174557 -33.04752001008214
816 6.343724188053898 0.9958201592173737 -36.315839203570135
817 32.41374539230817 11.370958897944746 -31.94219177838913
818 -37.426762146730574 -29.756600078486812 3.7667202376915725
819 7.225184865238404 34.117378133329595 34.574193877387614
820 -39.32716733164243 -21.642583669126605 25.859086156060158
821 -28.804093036430494 -12.46431442710226 21.738619346276728
822 34.74387722119428 25.682100304235234 -17.50521663426504
823 -10.873239071688523 30.125522955568158 -7.001052463630131
824 31.132789779673928 25.475972682967523 -37.64149036221502
825 -17.791287032191114 26.100007068940457 -20.026879254812798
826 10.199677679705694 0.2452706365622248 23.571858021904653
827 31.399438016404517 -6.43215480238581 12.038946846422888
828 -16.47737302668596 -6.644597163050143 13.530182710464096
829 -17.99075625450337 30.485964728666858 29.320626511272707
830 -0.3414549827050095 25.155467275260264 -10.598793731566243
831 13.22306036984132 9.39329223422071 32.49013723243115
832 28.41380046320522 -33.09628317567993 30.000351575039687
833 -12.450314145878785 36.96684358564633 27.277471820078745
834 -13.890872533505807 -3.720513976662801 34.02541240400181
835 -39.7391756333986 6.980176158928934 -39.39821985915344
836 -31.98358971078899 33.97472893953305 -37.19445373833007
837 -33.819865477975064 -2.0063180265794216 22.646426632123678
838 -10.554132838351276 6.220542328549357 -36.538382949607296
839 9.929772730811173 -2.6378029485833636 -7.387335715003623
840 18.212461056227873 9.091980290111593 -19.74218110815243
841 -22.870866884065304 -29.461373274150553 -17.48088323675293
842 7.528437393205927 -36.47555298857175 21.588155947807167
843 6.497377362340316 -19.34101317839027 -30.665240501131173
844 2.23753512436339 -35.529942093337354 -38.711722873123044
845 -7.304998036732883 -28.72619855516203 -27.662387304052594
846 -36.00231942833153 -22.327369067816598 -6.932370465567857
847 -28.694543443297007 -30.201948330548902 13.182020951204471
848 25.93024449050057 -9.745359789851715 -17.954547689692717
849 21.978599829448058 -37.614413683883555 26.354987755853614
850 -16.51324856089581 -37.927870440417365 21.15171839655669
851 18.189345712437223 29.98782154133005 -37.80060542934776
852 13.647447551322273 -20.07758442849304 5.035228552399225
853 25.807848762722145 -26.535169875526783 29.59927604214019
854 14.695426466862969 15.596031787898575 5.756119519424175
855 -13.69094149898185 28.51180379644819 33.00838936857585
856 25.9509700510811 21.75112986719688 16.33818925855435
857 5.474717276409244 39.87972538214409 20.615428356828893
858 38.385711042047134 1.4383701519767556 27.406327430840605
859 -8.007585416852212 5.882890114517764 -31.416133175152765
860 -32.728857380818454 -36.727631412223175 -12.566286234195879
861 -22.557799842695374 30.03389074334659 -38.47797096521069
862 30.698562673444314 -3.923016702025926 31.63589339708915
863 15.851740513519474 36.570910969628045 -11.771877041419671
864 11.603657525685769 -11.467618639767512 36.38685708928237
865 -4.1344557054216935 32.86708829159463 9.390296840589336
866 -0.9519843355592812 5.55179037149351 30.083053871931725
867 -16.083159342307436 38.676472323755306 -22.37854644426993
868 -15.231193961151543 -35.71383207560747 -3.5043586192255134
869 33.73327571650992 -16.016436263748712 -36.63257881829694
870 -22.39985216664366 -33.04652762665207 38.41647145115596
871 13.243767527507295 34.424660771716134 -36.476691639633316
872 26.15612559913373 35.58409196393849 -15.750991687007083
873 26.83960634404474 -34.49953976072037 -34.59840960722515
874 2.889312080277442 30.699400606396225 24.70868604376807
875 24.035947353107943 -2.7683394321335015 18.28116463359769
876 -17.098262843577892 -29.97274386995312 -5.660026484634322
877 17.789035286957578 -10.025526173309096 25.76056887964164
878 -25.760192943296182 -38.60421626077618 22.87248153909144
879 8.083945795471706 37.81099966346139 -2.846771941860638
880 -35.780879141306265 32.52456270909147 -38.91762100809223
881 -29.801106436751496 -21.165046279334064 15.933145946881034
882 -20.40251976511108 15.241652820918304 -25.90890565233518
883 35.62579827883687 -36.92205833023405 17.37977038101282
884 -10.830215788354902 11.134910594457295 0.947031570105537
885 23.987899899433252 -24.449015409783783 -22.42157158897566
886 25.536159104923385 34.37947846522569 -4.204068813937582
887 24.867219355500126 18.110645020473356 23.72840281127783
888 25.12340478434379 -14.16631149269002 8.272711438683366
889 25.727016067752842 14.219511074542325 -15.514080490165139
890 8.70461370441398 -8.51342905427554 35.88472037011931
891 -21.30690162198035 -26.497328153182494 -10.3245913149836
892 15.060639774248756 -12.25430858874872 3.957080436342501
893 29.13035994582293 -10.03857943173682 -31.884345377933343
894 -35.47926979362479 -22.5110791880483 -4.349453409330309
895 16.96287212300195 38.42885487118981 22.862269538020854
896 36.48375403712082 4.299327844382091 26.74890999518422
897 9.058136841997566 31.053908444628163 6.298043589928412
898 8.58814696604589 11.759691635605748 33.44754717134256
899 25.48474414158126 -39.00485689233916 -26.439818549325285
900 -37.04593955909352 -32.26481744289039 -5.446525219418241
901 -21.02965723510584 -9.62417309398414 14.369974239193994
902 25.55654512981849 20.400964868288 -33.63244027279005
903 24.693912197738413 11.79138988124582 -7.896080755788688
904 10.253397784534442 -6.120642968186594 -35.290317273641534
905 14.538545181544585 21.096764098095974 24.037387968612492
906 -8.980465310307189 -6.993165242113484 -14.200277845969218
907 21.077073225678802 -22.278663700443715 23.246895040105223
908 30.425466228698625 -28.747952346851918 3.5831006369702862
909 -9.040722148807898 32.03318483482779 13.492490263139878
910 -3.825891146927546 -22.37523173797692 -28.529559258435093
911 28.43871239955692 -30.256957557845936 19.62007588413185
912 26.773912100810094 -12.94347888856862 -14.705209537263826
913 38.21909722482319 -34.73439669090275 -2.0131612191437327
914 -12.876485733923786 7.626470946638065 38.5123994947223
915 -14.564107961389094 -30.75037142039795 -29.47833937549901
916 -19.149107400238723 36.7547437180378 -21.858031812605194
917 4.733616867694714 -34.896146966800046 -19.217979235299367
918 -37.72872334179042 -3.6570018549192085 -15.979944584696142
919 8.764383890260852 32.85590603688814 3.718540245234898
920 33.41903396862284 35.188206549340705 -34.91996229512681
921 16.105127919104575 4.863273742274792 -31.70345731450965
922 25.73559646901991 32.70946552256416 -13.59868020215388
923 33.03712912913733 -35.194236769260684 32.17675175138453
924 21.69105076108424 1.9926123165315204 37.578965943007006
925 -35.57653481077043 1.9515089570436146 1.6105338840332521
926 4.175716978009845 -33.46811793414535 22.69836653931206
927 -25.11675525567412 28.133336229587883 -3.117374933721287
928 4.037887004187326 10.391358822707446 10.488093451146739
929 -22.30107597056265 34.14921512430715 14.092774544535317
930 -26.30586787128592 16.482033897239972 4.738492579238731
931 13.053196891108108 13.580690388425687 -10.319214997932143
932 -22.480562321100894 -1.6676225388337826 9.14635289122753
933 -3.91091567533509 -0.8672390330361068 19.28677531621642
934 -39.879646559021225 -34.13493315215626 -29.12625404997427
935 10.163058218563023 31.132317976983146 -11.8439422373425
936 31.48835058474097 29.95297653237104 -12.53848520907895
937 34.901732671714456 13.35724198682535 13.349971405182657
938 -31.01670428542553 -8.328417452106962 -11.191534114001431
939 -0.9720639431806575 -7.897301837231325 -8.1692056689357
940 -23.693609676341197 4.837467431507292 -23.837498636194205
941 -22.94175693061577 2.9539480672712273 -31.89584388331493
942 -9.557198433796295 7.735537177980532 4.791720608066441
943 22.556557100038845 -8.80243281939233 37.34669209114779
944 -37.13972106851777 36.71650051226325 17.195015248223072
945 -4.068743192165172 -20.900127605775705 -34.000504729362746
946 -2.1745670661046717 -4.528725874401886 21.96094648190318
947 32.071075469639126 13.447345800602804 31.496244970624446
948 5.707309638091644 -8.407706769128886 -22.40328015109128
949 -26.990517226948604 28.11104462905682 35.83452808655014
950 21.527870456390318 -7.683765690370791 -2.7627338026383867
951 36.249810175926726 39.23902524706715 5.438497060328842
952 -33.226999178698655 0.7302915536350838 -6.3312588664499785
953 -3.9655204231291776 2.5767096974713155 16.072061247841646
954 -20.15098600840222 9.342581951789413 -14.92403451143825
955 27.649195699395122 31.151168645827298 28.40385990161832
956 3.8678897558752467 6.202456596804154 -31.667456041877315
957 9.151228185810858 -30.827524108676982 22.707678889379167
958 -14.040510234553494 -8.61465158659163 -8.85002564918598
959 -5.393722240781059 15.124392607582791 39.57817705943626
960 -16.812522096147823 -17.017628897050496 -39.958545520656905
961 -5.052041828766576 -8.293680432989952 -13.7332994862862
962 -38.19964633566066 -30.98514953598044 -29.187813043751298
963 10.144694462558121 38.37493282525202 -3.7673008741587566
964 -39.50243395262958 36.459896354798104 -18.462475909603413
965 -32.63280844505479 2.239148921754804 0.5642377255805471
966 -35.48206135830863 -33.7694409583211 -39.6651786167982
967 14.916703208596537 33.45525060792089 23.157281434935122
968 -39.43502733172136 -23.974929346505984 -13.039469228968194
969 0.7155886740166366 -23.6295226703459 -27.965488160855898
970 -12.160806515132279 38.39238674458811 10.475543656052267
971 -9.27798515056839 33.35479111332302 38.58366286333049
972 3.3881830288332253 6.807220152339603 34.147671209044205
973 31.0017920820236 -16.85077134372131 34.170882554177325
974 -27.407938837052015 39.69099296009277 4.687940006710853
975 -14.530917242468444 -14.576707697889422 -37.97993378227907
976 39.32313429273974 -10.67406418285291 10.994065887782519
977 10.003987857658593 -24.84661988068173 13.259559441335355
978 -15.305155155825084 -13.618050113863074 38.54714784778689
979 10.381921612442603 -11.675135235166145 32.742634762008095
980 -3.9547679531987114 17.783329103018495 2.3198905770965297
981 -10.267010043126888 35.39538841921062 -1.2261700472777548
982 -35.320803659693425 -38.281750398166345 6.251239954255269
983 33.419905217246594 -29.556518332916486 -25.64177423451519
984 30.094310986519517 -2.1911996993871696 -4.1531423874702895
985 15.140407674092387 -21.820195590951172 27.588735091843915
986 14.918489634386837 16.609014443791217 39.1188256016475
987 -27.01095474914231 6.01046687561584 17.571707263437816
988 -18.804254037681957 -14.37349980404872 3.265040559842035
989 18.23421170669757 -39.36201745017965 12.916625379055915
990 -27.93519684959934 7.5062322043918215 37.617611334069764
991 -20.031233439942806 18.655857043987993 -1.24700260511068
992 -36.69843979021002 19.83045650986945 3.4098751512272543
993 25.146435879599892 4.425446834593956 -32.4733526617421
994 -29.90685363021438 2.430458853106785 24.55486076581242
995 31.690061671642198 35.47859620941114 -12.162947753264763
996 1.1405951716935974 -30.98318919544198 28.388906084623542
997 -37.97327725696056 10.663171130687523 36.520129180331494
998 -24.64564550009319 22.58413539817397 21.162980654043963
999 -22.92134667425931 11.524521582593863 -36.67758407270082
1000 23.278094447225726 35.11967347804058 -28.131297428662556
1001 -24.914531441991905 35.02920980661152 -33.41741356012931
1002 0.7510490548950273 27.26840423900262 -12.757618569800613
1003 -21.68613224952501 15.513874231196795 -17.13183230398765
1004 -25.848706463649613 4.618786978607886 -25.943171956810254
1005 22.488351104835445 -10.293883356260647 -0.42358284935556867
1006 -23.37686593420937 0.708958055187523 11.48848781913366
1007 26.34265376109684 -13.428580399654901 19.465259760266918
1008 22.045953813463427 -25.465523201955705 10.140560623179255
1009 38.253892055562034 -19.881476883346238 25.165584527919464
1010 -32.07695976612051 30.175558095815035 -27.933841800409887
1011 14.67446076656239 -33.298265751867135 14.087568581317207
1012 14.806336407038685 -6.062514370567811 19.96955957449383
1013 -30.96313109821306 -5.491597088334373 -5.279985020976142
1014 -7.9357711103190525 -34.398608455250155 -26.210090841525286
1015 -10.370193427935746 -9.000435299019838 14.668368701403416
1016 24.728732965907398 24.64045232440492 -18.996278412848973
1017 32.10152411308701 0.9090415542942836 -3.560596920084265
1018 -3.40184372658711 4.981246916418691 -21.10294757287481
1019 -7.276673494776382 -31.185345629730215 0.9453969305366172
1020 0.1293933022201017 32.086561154012145 29.724006726688714
1021 -1.943853674497845 -28.31141254429454 -18.884421359407114
1022 2.3804433061754793 -33.90668080714491 -24.52672650747198
1023 -11.5231965099414 -22.76972270663113 3.266949243870357
